                  SymOff                     DictOff
00000080 01000000 b20b0000 01000000 01000000 14000000 01000000 08000000 01000000 08000000
00000080 00000000 4c0b0000 03000000 04000000 14000000 01000000 08000000 00000000 00000000
00000080 00000000 540a0000 02000000 0c000000 20000000 04000000 08000000 01000000 03000000 07000000 05000000 02000000
         SymOff (0xE08)                                        SymOff (0xE08)
00000040 540b0000 00000000 00000000 00000000 00000000 00000000 3c0b0000 00000000

0xE08: LOBBYN01Z_ALL (first symbol entry)

00000040 540b0000 00000000 00000000 00000000 00000000 00000000 3c0b0000 00000000

00000010 030b0000 d4000000 00000000 06000000 01000000 00000000 06000000
00000001 ed0a0000 24000000 00000000 07000000 00000000 00000000 00000000 07000000
00000010 dd0a0000 1c000000 00000000 06000000 00000000 00000000 06000000
00000800 cd0a0000 04000000 00000000 08000000 00000000 00000000 7f0a0000 08000000



